2461290
3565661
6036460
5961528
2659895
3306845
5254787
3879411
4617783
3702281
1995706
1432924
2064568
2494487
2656891
4793119
4211313
3968675
4028092
1686435
1165687
5950450
3811649
2454921
4333192
4217710
5836804
2571085
1023583
1035319
3067573
5892782
1928086
2930908
4746618
1415411
1780879
4580914
249497
1227594
2573686
2308068
5088375
1478840
3844263
4644829
1747020
2059588
5931978
5147832
3148391
4582800
2934398
2976286
3139362
5941978
3938712
2065606
2666186
245030
2542409
4362997
2389033
2462628
5767775
5171026
1442913
4417460
5106691
1377913
6011908
2393362
2402392
4143604
3956482
4737365
4106877
1031762
4420005
2638396
1155162
2633320
3945623
1189955
4762713
2570844
4621068
1081544
2373807
2480113
1048076
1296749
3968406
12836
2335514
2992255
5978340
2526278
2210509
4360121
1999723
2444124
3813983
2380653
1666270
3888473
2445240
2543141
1022812
1988145
3870747
5090002
1519415
2374181
3613383
5139732
1004643
2640414
3910416
4087269
5155074
3108996
3953946
1760044
2603712
3994117
5868168
4124354
5758838
5868146
32149
2511178
1298799
4682937
2581740
5917187
1357326
5097672
5881685
2309915
5955682
4032464
4145305
1505931
2230741
3955569
2072222
3285655
3456753
4388369
5997938
5762235
2210665
4133686
1686745
1357149
2476434
335656
4752014
4002500
4241220
3650748
4417140
3556853
5113603
2964230
3841418
4415092
5878992
2227996
3136141
2593287
4416953
3980094
4671748
2039791
1303859
2015890
5879063
2479321
4375093
3996317
3921991
2974981
3304445
4160806
3876724
2621116
3434646
4223465
2647449
4123800
2051756
3852907
1384980
2575209
1407448
2963410
3491792
5196737
2968738
1213730
4718911
3697416
4718057
5042365
2638646
5328431
4384127
5818313
1470420
3502481
1182465
3964554
2293793
2624248
3252108
5153333
1875763
3909812
1358982
1397666
5132014
3042279
3491385
3901729
4183794
1268490
5894042
1798249
5017707
3861108
2988149
1276741
4539141
3321741
4196848
2381517
3256281
1439146
2640659
1627909
4750770
3968023
2506021
4842904
6014767
4674830
2168292
1768949
1531770
5959528
1102997
4040818
3813348
123520
3028936
4753833
2384789
192235
3729427
4107924
2888632
5465158
5889368
5962685
4076594
5152946
1582952
1417208
1291513
1616600
3028378
3703463
2016710
3810902
3992665
5187831
5075392
2638325
5923065
2642828
2214153
2032071
4511053
1090033
1838150
2585741
3198429
3128327
1688784
4354938
70586
1293943
1351119
1021433
4070057
1984063
4943979
3211640
3913443
2177552
1724365
3522744
1212040
4135054
3696826
4710014
186936
3930582
4440586
4087502
2416371
2279017
1126612
2155226
1375668
4369750
2349118
3521120
2718443
5098221
2111481
2340227
2401160
4327413
2604600
4728119
4321936
5092717
1263202
2545562
4056311
3964011
3841527
2425476
2968917
4059365
3792493
4718009
3468547
1565302
5205564
4581865
3729975
5268215
2462735
3803556
1559914
1489372
1263539
1446139
5948724
4118842
2149324
4376156
4578054
4261896
2420414
1202815
3472362
4415650
1801093
1834414
2024055
3911960
1524160
4113192
4373676
4331389
1482297
1538696
2548907
4471680
288025
1622470
5803417
4627458
1178501
4140456
5889627
1963251
213199
3960234
3454607
4028694
5993237
4311395
1288435
1466000
4180108
3437245
1325420
1676054
2214022
2527693
2964955
1806962
4334876
4740954
5075479
4633669
336157
276673
2632307
1873329
1184580
1743665
263402
4403436
1773633
1323588
3972649
2463417
4751183
2910480
2991261
2348231
4391463
4667868
3114465
1452486
3181742
4088935
2371559
3930249
4314822
5166295
4843818
3533164
1141247
1399137
1198119
1126454
1781129
3161730
1336630
5526259
3785947
3230763
3058790
4437903
1903458
3711882
4500635
2669569
334698
3952230
2218246
291066
3035142
4016574
1936704
1102670
319698
5571239
2103953
4261007
2462021
3629137
5784557
1099043
3028954
1260216
3297303
4342085
2178042
2254796
1088316
1198371
2814252
2359686
1828226
2218362
2270321
2105923
2739407
1184105
4451231
2093417
4784035
2448748
4371526
3303982
1405656
5161259
1929134
235845
3699645
2356410
1465414
5109268
233788
1289615
2171714
2372020
4322118
3937752
2588767
1972626
4764009
1737073
4136075
1155058
306166
1706225
4519361
3295111
3040178
2507607
6035102
2874474
4581080
2133803
2591830
4106851
3385984
1438982
1783360
4423044
4577906
2231466
4313142
5111920
1531927
1711298
3703874
5104724
6039970
4728773
3283963
1988588
3845570
4378962
1162852
6009865
1922552
2973348
2237356
1513684
3094620
2601064
4175097
3472180
1094906
3125593
5934137
5944926
1216787
6040613
2151226
4897907
1235921
1008858
1521916
2546173
3900905
4314224
3117302
5904499
2149266
4746642
4243425
1181993
1923605
5866739
4170272
3632369
1849975
3303325
1122554
1350180
3075264
1928603
3907343
2405683
3097758
2976675
327070
3259009
4607321
4592768
3883751
80665
2506786
2599464
2976873
4207007
5953370
2511423
1007723
4609627
2402048
3017879
3923577
4121809
5041548
1844935
191842
4247158
4702371
3961679
3793222
5172159
1265945
3819770
5472509
4698714
5094066
5088783
2303391
2469919
2999552
1032941
2273025
1297883
4021989
1561478
4113073
5893708
1265922
2469583
2969912
4745901
3211455
4418515
5784720
4789139
3431584
2333728
3853101
2273355
